[soe][Equalizer#0]
inputGain=-2
numBands=10

[soe][Equalizer#0#left]
band0Frequency=29.952623149688797
band0Gain=4
band0Q=1.504760237537245
band0Type=5
band10Type=0
band11Type=0
band12Type=0
band13Type=0
band14Type=0
band15Type=0
band16Type=0
band17Type=0
band18Type=0
band19Type=0
band1Frequency=59.763340205038524
band1Gain=1.07
band1Q=1.5047602375372453
band20Type=0
band21Type=0
band22Type=0
band23Type=0
band24Type=0
band25Type=0
band26Type=0
band27Type=0
band28Type=0
band29Type=0
band2Frequency=119.24354052777788
band2Gain=1
band2Q=1.504760237537245
band30Type=0
band31Type=0
band3Frequency=237.92214271853953
band3Q=1.504760237537245
band4Frequency=474.71708526294935
band4Gain=-1
band4Q=1.5047602375372453
band5Frequency=947.1851104970312
band5Gain=-2
band5Q=1.504760237537245
band6Frequency=1889.8827562743609
band6Q=1.5047602375372449
band7Frequency=3770.811843303749
band7Gain=2
band7Q=1.5047602375372449
band8Frequency=7523.758767782307
band8Gain=3
band8Q=1.5047602375372453
band9Frequency=15011.87233627273
band9Gain=3
band9Q=1.504760237537245
band9Type=3

[soe][Equalizer#0#right]
band0Frequency=29.952623149688797
band0Gain=4
band0Q=1.504760237537245
band0Type=5
band10Type=0
band11Type=0
band12Type=0
band13Type=0
band14Type=0
band15Type=0
band16Type=0
band17Type=0
band18Type=0
band19Type=0
band1Frequency=59.763340205038524
band1Gain=1.07
band1Q=1.5047602375372453
band20Type=0
band21Type=0
band22Type=0
band23Type=0
band24Type=0
band25Type=0
band26Type=0
band27Type=0
band28Type=0
band29Type=0
band2Frequency=119.24354052777788
band2Gain=1
band2Q=1.504760237537245
band30Type=0
band31Type=0
band3Frequency=237.92214271853953
band3Q=1.504760237537245
band4Frequency=474.71708526294935
band4Gain=-1
band4Q=1.5047602375372453
band5Frequency=947.1851104970312
band5Gain=-2
band5Q=1.504760237537245
band6Frequency=1889.8827562743609
band6Q=1.5047602375372449
band7Frequency=3770.811843303749
band7Gain=2
band7Q=1.5047602375372449
band8Frequency=7523.758767782307
band8Gain=3
band8Q=1.5047602375372453
band9Frequency=15011.87233627273
band9Gain=3
band9Q=1.504760237537245
band9Type=3
